0 0.722290 0.201336 0.050000 0.073733
1 0.730023 0.397435 0.166588 0.333145
2 0.811889 0.377948 0.120517 0.252698
3 0.640794 0.387057 0.114997 0.217976
4 0.853397 0.476648 0.028125 0.041475
5 0.602045 0.468395 0.028125 0.041475
6 0.758221 0.802172 0.095563 0.344448
7 0.703791 0.801844 0.083513 0.318980
0 0.233040 0.196462 0.050000 0.073733
1 0.239106 0.399843 0.159465 0.335794
2 0.324074 0.378611 0.119927 0.251856
3 0.153265 0.386471 0.115342 0.214719
4 0.365287 0.476889 0.028125 0.041475
5 0.114344 0.466181 0.028125 0.041475
6 0.273411 0.803683 0.088389 0.339268
7 0.214410 0.806619 0.079786 0.320409
0 0.810674 0.065876 0.050000 0.073733
1 0.811915 0.137118 0.099402 0.178012
2 0.827300 0.126796 0.040506 0.115892
3 0.790925 0.131029 0.045703 0.119152
4 0.825797 0.157092 0.028125 0.041475
5 0.786824 0.162955 0.028125 0.041475
6 0.839575 0.287499 0.077368 0.196087
7 0.804697 0.288689 0.074440 0.195567
0 0.335835 0.073154 0.050000 0.073733
1 0.339942 0.137089 0.100342 0.174460
2 0.354537 0.123216 0.043027 0.105240
3 0.319555 0.123504 0.043557 0.104241
4 0.351773 0.148187 0.028125 0.041475
5 0.316526 0.147975 0.028125 0.041475
6 0.363285 0.291049 0.073791 0.200201
7 0.331919 0.290710 0.073319 0.199480
