0 0.600126 0.383529 0.050000 0.074941
1 0.596452 0.480991 0.110945 0.292933
2 0.638017 0.405754 0.144314 0.100304
3 0.640113 0.443851 0.170142 0.075070
4 0.691424 0.427802 0.028125 0.042155
5 0.706434 0.453283 0.028125 0.042155
6 0.699107 0.790340 0.102845 0.295932
7 0.538593 0.806783 0.154066 0.264165
0 0.219242 0.604204 0.050000 0.074941
1 0.165321 0.727425 0.141318 0.239192
2 0.265731 0.662404 0.162625 0.066995
3 0.138305 0.749634 0.051346 0.231131
4 0.328293 0.667799 0.028125 0.042155
5 0.131382 0.837096 0.028125 0.042155
6 0.219636 0.863708 0.142556 0.247138
7 0.180164 0.880501 0.139807 0.256851
0 0.090578 0.557866 0.050000 0.074941
1 0.031668 0.656018 0.123219 0.227039
2 0.077373 0.647891 0.071316 0.168631
3 0.062001 0.656722 0.108947 0.159788
4 0.094281 0.704103 0.028125 0.042155
5 0.097724 0.708513 0.028125 0.042155
6 0.074620 0.818504 0.094724 0.286041
7 0.015250 0.769565 0.096157 0.182726
0 0.246188 0.101244 0.050000 0.074941
1 0.246958 0.223062 0.110822 0.240348
2 0.278377 0.173627 0.055141 0.098081
3 0.228506 0.174949 0.045794 0.101968
4 0.287197 0.194565 0.028125 0.042155
5 0.232653 0.197830 0.028125 0.042155
6 0.260626 0.447629 0.074621 0.217981
7 0.236047 0.448671 0.072761 0.218525
0 0.021119 0.082919 0.050000 0.074941
1 0.018788 0.198104 0.098943 0.255612
2 0.059761 0.126408 0.086127 0.070066
3 0.035783 0.135221 0.104808 0.069318
4 0.084075 0.133338 0.028125 0.042155
5 0.069437 0.141777 0.028125 0.042155
6 0.024076 0.437257 0.075877 0.226976
7 0.017888 0.442822 0.073928 0.225521
0 0.873806 0.158083 0.050000 0.074941
1 0.870835 0.235716 0.128565 0.197889
2 0.896023 0.220730 0.050063 0.125762
3 0.856609 0.221110 0.071989 0.118631
4 0.889742 0.255508 0.028125 0.042155
5 0.873854 0.252323 0.028125 0.042155
6 0.919400 0.312848 0.079091 0.203992
7 0.853916 0.315574 0.070224 0.205105
0 0.777372 0.047713 0.050000 0.074941
1 0.757546 0.116059 0.112893 0.192824
2 0.783571 0.106708 0.042283 0.122542
3 0.747149 0.099445 0.062887 0.117440
4 0.785963 0.139876 0.028125 0.042155
5 0.759843 0.130062 0.028125 0.042155
6 0.800334 0.249150 0.078331 0.253365
7 0.763761 0.251631 0.073589 0.253034
0 0.080252 0.204178 0.050000 0.074941
1 0.077826 0.305853 0.124265 0.214450
2 0.117720 0.301288 0.067292 0.163165
3 0.057481 0.305152 0.055451 0.160459
4 0.132616 0.354767 0.028125 0.042155
5 0.066457 0.357279 0.028125 0.042155
6 0.140972 0.446412 0.071600 0.199284
7 0.090810 0.451707 0.072296 0.199948
0 0.441714 0.198504 0.050000 0.074941
1 0.435797 0.272334 0.118439 0.194606
2 0.462338 0.254714 0.037769 0.115559
3 0.425565 0.254805 0.069850 0.117394
4 0.462472 0.284391 0.028125 0.042155
5 0.441740 0.285399 0.028125 0.042155
6 0.472813 0.366774 0.077457 0.197267
7 0.431946 0.367871 0.070657 0.196852
0 0.177750 0.201053 0.050000 0.074941
1 0.173458 0.292958 0.111795 0.211213
2 0.202197 0.269978 0.048808 0.123098
3 0.149931 0.301884 0.038385 0.179523
4 0.207851 0.303424 0.028125 0.042155
5 0.149489 0.363543 0.028125 0.042155
6 0.210015 0.438349 0.071763 0.186801
7 0.165595 0.441785 0.070819 0.188377
0 0.511822 0.186328 0.050000 0.074941
1 0.510412 0.253786 0.114574 0.180961
2 0.529640 0.238919 0.047994 0.109073
3 0.497411 0.236188 0.060449 0.102926
4 0.524393 0.265353 0.028125 0.042155
5 0.508886 0.259547 0.028125 0.042155
6 0.544900 0.341097 0.073498 0.192501
7 0.501981 0.341661 0.072005 0.191778
0 0.378996 0.213467 0.050000 0.074941
1 0.365079 0.288368 0.122687 0.202776
2 0.390247 0.271802 0.044226 0.122273
3 0.350599 0.272672 0.053615 0.129229
4 0.386884 0.304835 0.028125 0.042155
5 0.358656 0.309183 0.028125 0.042155
6 0.391210 0.389899 0.084483 0.193712
7 0.340082 0.389864 0.080491 0.194020
