0 0.795204 0.321558 0.050000 0.050955
1 0.801136 0.447413 0.146900 0.230221
2 0.794818 0.396998 0.131411 0.086061
3 0.753194 0.393907 0.065903 0.094547
4 0.747863 0.420920 0.028125 0.028662
5 0.738993 0.422072 0.028125 0.028662
6 0.884665 0.746204 0.129099 0.240183
7 0.726917 0.736810 0.089798 0.242070
0 0.464315 0.363547 0.050000 0.050955
1 0.558595 0.512390 0.188131 0.252626
2 0.539945 0.515908 0.066034 0.225209
3 0.498148 0.494031 0.039111 0.187247
4 0.525678 0.609404 0.028125 0.028662
5 0.498953 0.568546 0.028125 0.028662
6 0.570792 0.870158 0.119027 0.291332
7 0.614495 0.844728 0.143271 0.272693
0 0.515154 0.201007 0.050000 0.050955
1 0.503479 0.335939 0.164417 0.226873
2 0.557504 0.295428 0.046758 0.117188
3 0.406104 0.314825 0.133457 0.153132
4 0.562133 0.334914 0.028125 0.028662
5 0.358126 0.372283 0.028125 0.028662
6 0.533897 0.602593 0.087161 0.243713
7 0.480192 0.596986 0.099313 0.245035
0 0.732441 0.290355 0.050000 0.050955
1 0.735374 0.415386 0.114833 0.223988
2 0.714505 0.341857 0.128446 0.043956
3 0.695166 0.342980 0.079618 0.050514
4 0.669032 0.344726 0.028125 0.028662
5 0.674106 0.349129 0.028125 0.028662
6 0.700276 0.679810 0.083619 0.207452
7 0.685812 0.682709 0.082699 0.212484
0 0.517697 0.199965 0.050000 0.050955
1 0.504916 0.328688 0.154015 0.221511
2 0.570316 0.307935 0.079910 0.142291
3 0.409378 0.303534 0.140185 0.142541
4 0.591521 0.359972 0.028125 0.028662
5 0.358036 0.355696 0.028125 0.028662
6 0.564298 0.563564 0.094445 0.202846
7 0.416038 0.560510 0.112488 0.206054
