0 0.852278 0.364888 0.074941 0.050000
1 0.932988 0.568969 0.200110 0.331640
2 0.815875 0.560831 0.188683 0.251277
3 0.894044 0.541218 0.233236 0.248013
4 0.749637 0.667720 0.042155 0.028125
5 0.805529 0.646474 0.042155 0.028125
6 0.922607 1.012175 0.167345 0.264047
7 0.911888 0.994249 0.155477 0.261945
0 0.573588 0.351213 0.074941 0.050000
1 0.631283 0.397736 0.167219 0.121567
2 0.576575 0.391248 0.143410 0.080467
3 0.561132 0.390196 0.127648 0.075164
4 0.532973 0.412732 0.042155 0.028125
5 0.525411 0.409028 0.042155 0.028125
6 0.603156 0.510354 0.106664 0.143192
7 0.686093 0.506227 0.165314 0.137781
