0 0.547969 0.462264 0.050000 0.066667
1 0.487869 0.538963 0.097883 0.239717
2 0.507017 0.530488 0.046374 0.151174
3 0.505432 0.514284 0.040368 0.152860
4 0.511453 0.581075 0.028125 0.037500
5 0.506866 0.565714 0.028125 0.037500
6 0.500739 0.830313 0.096511 0.264896
7 0.456211 0.821493 0.130776 0.261904
0 0.179540 0.375087 0.050000 0.066667
1 0.213704 0.501929 0.105808 0.257812
2 0.177361 0.467286 0.070002 0.110926
3 0.277907 0.459989 0.125723 0.136433
4 0.161110 0.497748 0.028125 0.037500
5 0.322018 0.503206 0.028125 0.037500
6 0.227604 0.826883 0.102754 0.288272
7 0.222575 0.810339 0.095189 0.288812
0 0.072951 0.384616 0.050000 0.066667
1 0.074061 0.511917 0.140671 0.246657
2 0.122108 0.463334 0.058548 0.111992
3 0.052578 0.498040 0.069580 0.142759
4 0.132632 0.494330 0.028125 0.037500
5 0.068618 0.544419 0.028125 0.037500
6 0.090874 0.815870 0.079807 0.285543
7 0.050358 0.818099 0.075686 0.281315
