0 0.069203 0.206868 0.054608 0.114286
1 0.069113 0.379899 0.134634 0.362444
2 0.067498 0.325110 0.107149 0.177000
3 0.055390 0.326183 0.060386 0.190728
4 0.034401 0.370753 0.030717 0.064286
5 0.065105 0.378690 0.030717 0.064286
6 0.089297 0.796048 0.093630 0.406476
7 0.046476 0.793146 0.089896 0.414846
0 0.540103 0.157103 0.054608 0.114286
1 0.543518 0.361055 0.141101 0.392624
2 0.588939 0.337289 0.062367 0.280806
3 0.514571 0.357360 0.052490 0.283699
4 0.599645 0.434835 0.030717 0.064286
5 0.520339 0.456353 0.030717 0.064286
6 0.570020 0.798133 0.087985 0.426328
7 0.521335 0.803335 0.089024 0.426065
0 0.295166 0.125194 0.054608 0.114286
1 0.297874 0.329729 0.140390 0.395640
2 0.299879 0.269916 0.105664 0.211727
3 0.289004 0.278741 0.091933 0.206946
4 0.267525 0.332923 0.030717 0.064286
5 0.314492 0.339357 0.030717 0.064286
6 0.321643 0.794398 0.083378 0.447899
7 0.280149 0.786437 0.081076 0.441094
0 0.916230 0.211254 0.054608 0.114286
1 0.912836 0.394053 0.134780 0.352668
2 0.929429 0.350742 0.070879 0.201758
3 0.909909 0.351400 0.098208 0.199767
4 0.914467 0.408764 0.030717 0.064286
5 0.938535 0.408426 0.030717 0.064286
6 0.949332 0.806376 0.079564 0.412828
7 0.903053 0.797233 0.084383 0.406693
0 0.805487 0.127516 0.054608 0.114286
1 0.801980 0.321622 0.111750 0.372471
2 0.821799 0.263492 0.041394 0.191924
3 0.810111 0.257244 0.097296 0.177437
4 0.821580 0.316597 0.030717 0.064286
5 0.838281 0.303106 0.030717 0.064286
6 0.808543 0.777341 0.086833 0.443983
7 0.793572 0.774668 0.081435 0.442814
0 0.178977 0.242944 0.054608 0.114286
1 0.184830 0.397235 0.127791 0.353779
2 0.187245 0.353870 0.092243 0.202764
3 0.159717 0.351276 0.046850 0.190117
4 0.161602 0.412395 0.030717 0.064286
5 0.162664 0.403477 0.030717 0.064286
6 0.185673 0.807510 0.084899 0.388539
7 0.176108 0.807714 0.097579 0.392337
0 0.672742 0.204046 0.054608 0.114286
1 0.675445 0.386419 0.133524 0.359635
2 0.687122 0.338469 0.079454 0.199449
3 0.662912 0.337847 0.077739 0.187951
4 0.667872 0.395336 0.030717 0.064286
5 0.681304 0.388965 0.030717 0.064286
6 0.702801 0.802320 0.079920 0.420429
7 0.665780 0.808276 0.085631 0.425088
0 0.420424 0.198307 0.054607 0.114286
1 0.419948 0.377765 0.125603 0.354577
2 0.420720 0.318140 0.093343 0.171041
3 0.407568 0.336074 0.070126 0.199694
4 0.394526 0.360803 0.030717 0.064286
5 0.422154 0.393064 0.030717 0.064286
6 0.423370 0.799925 0.079589 0.417982
7 0.414780 0.789216 0.092355 0.410875
